Validation
pop = 30

model 2 (LeNet5-3D)

datap.	channels	acc.	std	    std.e   expn.
10		12, 22		0.397	0.06    0.011    547
20		18, 28		0.527	0.08    0.015	 564
30		18, 28		0.643	0.06    0.011	 565
40		18, 28		0.694	0.06    0.011	 566
50		18, 28		0.743	0.05    0.009	 567
100		18, 28		0.839	0.04    0.007	 568
500		18, 28		0.956	0.01    0.002	 569
1000	18, 28		0.975	0.01    0.002	 570


model 3 (LeNet5-3DTTN)

datap.	channels	acc.	std	    std.e	expn.
10		12, 22		0.468	0.09    0.016	595
20		12, 22		0.596	0.08    0.015	620
30		18, 28		0.712	0.04    0.007	629
40		18, 28		0.732	0.12    0.022	630
50		18, 28		0.771	0.09    0.016	631
100		12, 22		0.832	0.05    0.009	600
500		6, 16		0.921	0.12    0.022	593
1000	6, 16       0.96    0.015   0.002   594


Testing
pop = 1

model 2 (LeNet5-3D)

datap.  acc.


model 3 (LeNet5-3DTTN)

datap.  acc.
